[LEFT_CAM_2K]
fx=1400.38
fy=1400.38
cx=1125.99
cy=604.362
k1=-0.173995
k2=0.0260148
k3=0
p1=0
p2=0

[RIGHT_CAM_2K]
fx=1399.5
fy=1399.5
cx=1159.35
cy=660.356
k1=-0.17363
k2=0.0268843
k3=0
p1=0
p2=0

[LEFT_CAM_FHD]
fx=1400.38
fy=1400.38
cx=981.99
cy=523.362
k1=-0.173995
k2=0.0260148
k3=0
p1=0
p2=0

[RIGHT_CAM_FHD]
fx=1399.5
fy=1399.5
cx=1015.35
cy=579.356
k1=-0.17363
k2=0.0268843
k3=0
p1=0
p2=0

[LEFT_CAM_HD]
fx=700.19
fy=700.19
cx=649.495
cy=350.181
k1=-0.173995
k2=0.0260148
k3=0
p1=0
p2=0

[RIGHT_CAM_HD]
fx=699.75
fy=699.75
cx=666.175
cy=378.178
k1=-0.17363
k2=0.0268843
k3=0
p1=0
p2=0

[LEFT_CAM_VGA]
fx=350.095
fy=350.095
cx=340.2475
cy=182.5905
k1=-0.173995
k2=0.0260148
k3=0
p1=0
p2=0

[RIGHT_CAM_VGA]
fx=349.875
fy=349.875
cx=348.5875
cy=196.589
k1=-0.17363
k2=0.0268843
k3=0
p1=0
p2=0

[STEREO]
Baseline=120
TY=0
TZ=0
CV_2K=0.0153348
CV_FHD=0.0153348
CV_HD=0.0153348
CV_VGA=0.0153348
RX_2K=-0.00745112
RX_FHD=-0.00745112
RX_HD=-0.00745112
RX_VGA=-0.00745112
RZ_2K=-0.000770703
RZ_FHD=-0.000770703
RZ_HD=-0.000770703
RZ_VGA=-0.000770703

